1892709 72
1903926 85.25
1908977 74.3
1930173 33.5
1938047 64
1945124 57
1951367 61
1955935 81.5
1989641 55.5
1992958 51
2002116 62.25
2007066 50
2007279 38.5
2007281 82
2012332 58
2013219 79.2
2018237 88.5
2028486 71.5
2036338 56
2045362 63
2047713 95
2047983 77
2049838 79.5
2050389 68
2050806 72.75
2051829 64
2052202 87.7
2053552 73.25
2053642 74.5
2054643 66
2057679 0
2058096 42.25
2058805 57
2058963 68.5
2060256 61.25
2060842 65.5
2060886 86.25
2061606 66
2063171 67
2065241 75.5
2065296 62.4
2067006 72
2067129 55
2067276 78
2068514 85.2
2069504 68
2071168 70
2071574 79
2074004 81
2077075 70.5
2078188 43.75
2079257 72.05
2079808 58.2
2080754 79.5
2081654 83.5
2081968 57.5
2082082 90
2082306 70
2082688 60
2084095 67.5
2085041 85
2085265 56
2085377 63.5
2087572 73
2088314 52
2088415 62.75
2088483 31.5
2088988 74.25
2093073 69.5
2097821 0
2104683 71.9
2110601 81.8
2112276 86
2112311 71.5
2113031 84
2113288 59
2113402 65.5
2114098 78.5
2115641 51.75
2116585 61.9
2118576 59.5
2119882 84
2121489 89.5
2122896 68.5
2125517 55
2125607 93.5
2127183 43.5
2127969 60
2128926 89
2131143 0
2131198 61.75
2131299 52.5
2131367 77.3
2131514 74.5
2132223 75.5
2132717 65.3
2133382 60
2134023 71.5
2135193 81
2135428 84.3
2136205 62.5
2136273 77.5
2136374 63.1
2137151 80.9
2137375 73.5
2138758 83.25
2139028 82.5
2139186 94.5
2141087 76.25
2141155 66
2141302 74.75
2141493 70.25
2141829 92
2141919 82.5
2141998 81
2142009 79.5
2142404 70.5
2142415 63
2142426 67.7
2142538 77.8
2143023 60.25
2143179 80.5
2143258 75.75
2143271 72.5
2143528 75
2143541 89.25
2143664 66.5
2143675 39.5
2143708 91.5
2143877 70.5
2143989 47.5
2144092 50.5
2144272 85.5
2144507 74
2144531 66.55
2144575 87
2144709 60.5
2144722 84
2144744 83.5
2144801 71.65
2144812 88.5
2145172 85.4
2145194 97
2145565 74.5
2146059 83.8
2146252 84
2146331 77
2146454 90
2146612 80
2146893 74
2146959 74.5
2146972 68
2147128 67.5
2147174 63.3
2147297 94
2147319 44.5
2147523 91
2147602 95.1
2147725 59
2147747 79.5
2147758 47.5
2147771 74
2147962 79.1
2148028 73
2148142 80
2148153 84.75
2148287 69.5
2148478 68.3
2148489 71.5
2148502 83.5
2148614 64
2148794 70
2148827 83.5
2148952 77
2148974 48
2149119 81.95
2149187 75.5
2149198 86
2149244 74
2149457 88
2149492 80.3
2149503 84.5
2149571 86.5
2149672 68.5
2150043 71
2150199 55.5
2150357 87
2150774 41
2150864 74.75
2150954 90.5
2150998 52.5
2151202 71
2151371 43.5
2151505 74
2151538 79.6
2151584 69.5
2151911 82
2152078 68
2152269 91.5
2152372 58.8
2152552 71.25
2152675 73
2153068 85.5
2153114 68.5
2153204 83.5
2153946 85.3
2154058 65
2154126 87.5
2154216 86.4
2154453 73
2154475 82
2154712 48.25
2155307 71
2155882 57.75
2156984 67
2157603 69.5
2164037 82.5
2167661 57.5
2172554 77.4
2190598 61.75
2207867 75.6
2210084 53
2210995 48.25
2221277 79
2225654 88
2226947 78.75
2227083 92
2228231 0
2228466 72
2228861 62.5
2231111 73.1
2234924 77
2235699 81
2239705 63.5
